# コード一覧
1301
1332
1333
1375
1377
1379
1407
1414
1417
1419
1429
1435
1515
1518
1605
1662
1663
167A
1712
1719
1720
1721
1726
1762
1766
1780
1786
1801
1802
1803
1805
1808
1812
1813
1814
1815
1820
1821
1822
1827
1833
1835
1852
1860
1861
1870
1871
1878
1879
187A
1882
1884
1885
1887
1890
1893
1898
1909
1911
1925
1926
1928
1930
1934
1939
1941
1942
1944
1945
1946
1949
1950
1951
1952
1959
1961
1963
1964
1967
1968
1969
1972
1973
1975
1976
1979
1980
1982
2001
2002
2004
2053
2060
2107
2109
2112
2117
2121
2124
2127
2130
2138
2146
2148
2150
2153
2154
2157
2158
2160
2163
2168
2170
2175
2181
2183
2193
2198
2201
2206
2211
2212
2215
2217
2220
2222
2229
2264
2267
2269
2270
2281
2282
2292
2294
2296
2301
2305
2317
2326
2327
2331
2337
2353
2354
2371
2374
2375
2378
2384
2395
2432
2433
2484
2497
2501
2502
2503
2531
2533
2579
2585
2587
2590
2593
2602
2607
2613
2670
2674
2678
2681
2685
2692
2695
2702
2726
2730
2733
2734
2737
2742
2749
2752
2753
2760
2764
2767
2768
2782
2784
2790
2791
2792
2801
2802
2804
2809
2810
2811
2815
2820
2871
2874
2875
2882
2897
2908
2910
2914
2915
2918
2929
2930
2931
2933
2935
2975
2980
2982
3001
3002
3003
3023
3028
3030
3031
3034
3036
3038
3040
3046
3048
3050
3053
3064
3073
3076
3086
3087
3088
3091
3092
3093
3097
3101
3103
3104
3105
3106
3107
3110
3116
3132
3134
3139
3141
3148
3150
3151
3153
3156
3159
3167
3175
3179
3180
3182
3186
3191
3193
3196
3197
3198
3201
3221
3222
3231
3232
3245
3252
3254
3284
3288
3289
3291
3299
3302
3315
3319
3328
3333
3341
3349
3355
3360
3371
3374
3382
3387
3391
3393
3395
3397
3401
3402
3405
3407
3415
3416
3431
3433
3436
3443
3445
3452
3465
3475
3479
3480
3482
3486
3489
3491
3526
3539
3543
3546
3547
3548
3549
3553
3558
3561
3563
3565
3569
3591
3593
3608
3611
3612
3626
3632
3633
3636
3649
3655
3656
3657
3659
3660
3661
3662
3663
3665
3666
3668
3672
3673
3676
3678
3679
3681
3687
3688
3692
3694
3696
3697
3708
3723
3738
3741
3762
3765
3769
3771
3774
3778
3788
3817
3834
3835
3836
3837
3844
3853
3854
3857
3858
3861
3863
3864
3865
3877
3880
3891
3896
3901
3902
3903
3911
3914
3915
3916
3921
3922
3925
3926
3932
3933
3937
3939
3941
3946
3950
3962
3963
3964
3969
3978
3983
3984
3990
3992
3993
3994
4182
4183
4186
4187
4188
4189
4192
4193
4194
4202
4203
4204
4205
4206
4208
4212
4215
4216
4218
4220
4221
4228
4229
4231
4238
4246
4259
4265
4272
4275
4290
4293
4298
4301
4307
4308
4318
4323
4324
4326
4331
4337
4343
4344
4345
4348
4350
4362
4368
4369
4502
4503
4506
4507
4516
4519
4521
4523
4526
4527
4528
4530
4534
4536
4540
4543
4544
4547
4548
4549
4551
4552
4553
4554
4559
4568
4569
4572
4574
4577
4578
4579
4587
4588
4592
4593
4595
4599
4611
4612
4613
4617
4619
4620
4626
4631
4633
4634
4641
4651
4661
4665
4666
4668
4671
4674
4676
4680
4681
4684
4686
4687
4689
4694
4704
4714
4716
4722
4732
4733
4743
4745
4751
4763
4765
4767
4768
4776
4792
4812
4813
4816
4819
4820
4825
4826
4847
4848
4849
4880
4883
4886
4887
4901
4902
4911
4912
4914
4917
4919
4922
4927
4928
4931
4933
4934
4936
4951
4956
4958
4966
4967
4970
4971
4972
4974
4975
4978
4979
4980
4985
4992
4996
4997
4998
5009
5011
5013
5017
5019
5020
5021
5032
5036
5074
5076
5101
5105
5108
5110
5121
5122
5142
5185
5186
5191
5192
5195
5201
5202
5208
5210
5214
5715
5726
5727
5759
5801
5802
5803
5805
5830
5831
5832
5844
5851
5852
5857
5901
5911
5929
5930
5932
5933
5938
5943
5946
5947
5949
5957
5958
5959
5970
5975
5976
5981
5986
5988
5989
5991
5992
6005
6013
6023
6027
6028
6035
6036
6049
6050
6055
6058
6062
6070
6071
6078
6080
6082
6088
6089
6094
6095
6096
6098
6099
6101
6103
6104
6113
6118
6125
6134
6135
6136
6140
6141
6143
6145
6146
6151
6167
6176
6178
6182
6183
6184
6191
6194
6196
6197
6199
6200
6201
6209
6222
6226
6232
6235
6237
6240
6245
6250
6254
6257
6258
6262
6264
6266
6268
6269
6272
6273
6277
6278
6282
6284
6287
6289
6291
6293
6294
6298
6301
6302
6305
6306
6310
6315
6323
6324
6326
6328
6330
6331
6332
6333
6339
6340
6345
6349
6351
6356
6358
6361
6363
6364
6366
6367
6368
6369
6370
6371
6376
6379
6381
6383
6387
6390
6395
6406
6407
6412
6413
6417
6418
6419
6420
6425
6430
6432
6436
6440
6444
6448
6454
6455
6457
6458
6459
6460
6463
6464
6465
6470
6471
6473
6474
6479
6480
6481
6486
6490
6498
6501
6503
6504
6506
6507
6508
6516
6521
6522
6523
6525
6526
6532
6533
6535
6538
6539
6544
6547
6560
6564
6571
6572
6584
6586
6588
6590
6592
6594
6597
6615
6616
6617
6619
6622
6625
6627
6629
6630
6632
6638
6640
6644
6645
6651
6652
6653
6670
6674
6675
6676
6677
6699
6701
6702
6703
6706
6707
6718
6871
6875
6877
6879
6882
6890
6902
6904
6905
6908
6914
6920
6923
6925
6927
6929
6932
6937
6941
6947
6951
6952
6954
6955
6957
6958
6960
6961
6962
6963
6965
6966
6971
6973
6976
6981
6986
6988
6995
6997
6999
7003
7004
7011
7012
7013
7014
7033
7034
7038
7044
7048
7059
7061
7065
7068
7071
7085
7088
7092
7094
7095
7096
7105
7122
7128
7130
7133
7148
7157
7161
7163
7164
7167
7173
7177
7180
7181
7182
7184
7186
7187
7192
7198
7199
7201
7202
7203
7205
7211
7212
7220
7222
7224
7226
7231
7236
7239
7240
7241
7242
7244
7245
7246
7247
7250
7259
7261
7267
7269
7270
7271
7272
7276
7278
7279
7280
7282
7283
7287
7291
7292
7294
7296
7305
7309
7313
7322
7327
7337
7342
7347
7350
7354
7358
7366
7370
7373
7379
7380
7381
7383
7384
7389
7408
7412
7414
7419
7420
7421
7427
7433
7447
7451
7453
7456
7458
7459
7463
7467
7476
7480
7483
7494
7508
7512
7513
7516
7518
7520
7522
7532
7537
7545
7550
7552
7554
7564
7575
7581
7593
7595
7599
7600
7601
7605
7606
7607
7609
7611
7613
7616
7630
7638
7649
7679
7701
7702
7715
7716
7717
7718
7721
7723
7725
7727
7729
7730
7731
7732
7733
7734
7735
7739
7740
7741
7744
7745
7747
7751
7752
7762
7774
7779
7780
7795
7803
7806
7817
7818
7820
7821
7822
7826
7832
7839
7840
7844
7846
7856
7860
7864
7867
7868
7874
7888
7906
7911
7912
7915
7917
7921
7931
7936
7942
7943
7944
7947
7951
7955
7956
7965
7966
7970
7971
7972
7974
7976
7979
7981
7984
7988
7990
7994
7995
8001
8002
8005
8007
8008
8011
8012
8014
8015
8016
8020
8022
8031
8032
8035
8037
8050
8051
8053
8056
8057
8058
8059
8060
8061
8070
8074
8075
8078
8079
8084
8088
8091
8093
8095
8097
8098
8101
8103
8111
8113
8114
8117
8125
8129
8130
8133
8136
8141
8150
8151
8153
8154
8157
8159
8160
8163
8167
8173
8174
8179
8182
8185
8194
8198
8200
8203
8214
8217
8218
8219
8227
8233
8237
8242
8244
8252
8253
8255
8267
8273
8276
8278
8279
8281
8282
8283
8285
8291
8304
8306
8308
8309
8316
8331
8334
8336
8337
8338
8341
8343
8344
8345
8346
8354
8358
8359
8360
8361
8366
8367
8368
8370
8377
8381
8386
8387
8388
8392
8393
8399
8418
8424
8439
8473
8508
8511
8515
8522
8524
8541
8544
8550
8558
8566
8570
8572
8584
8585
8591
8593
8595
8596
8600
8601
8609
8613
8616
8622
8624
8628
8630
8697
8698
8699
8706
8707
8713
8714
8715
8725
8739
8750
8766
8771
8793
8795
8798
8801
8802
8803
8804
8818
8820
8830
8841
8848
8850
8860
8864
8871
8876
8877
8881
8892
8897
8905
8914
8919
8920
8923
8929
8934
8935
9041
9042
9044
9045
9046
9048
9055
9058
9064
9065
9066
9068
9072
9075
9076
9081
9101
9104
9107
9110
9119
9142
9143
9147
9161
9201
9202
9204
9216
9229
9232
9246
9247
9260
9262
9267
9270
9273
9274
9279
9301
9302
9303
9305
9308
9310
9332
9336
9347
9364
9380
9381
9401
9404
9409
9412
9413
9416
9418
9419
9424
9432
9433
9434
9435
9436
9438
9449
9450
9467
9468
9470
9474
9501
9502
9503
9504
9505
9506
9507
9508
9509
9511
9513
9514
9517
9519
9522
9531
9532
9533
9536
9543
9551
9552
9600
9601
9602
9603
9605
9612
9613
9621
9627
9629
9632
9663
9672
9678
9682
9684
9692
9697
9699
9702
9706
9715
9716
9719
9722
9726
9735
9739
9740
9742
9743
9744
9746
9749
9755
9757
9759
9760
9766
9768
9769
9787
9790
9793
9824
9828
9831
9832
9837
9842
9843
9861
9869
9880
9882
9887
9889
9900
9902
9928
9934
9936
9946
9948
9956
9960
9962
