# リアルタイム取引コード一覧
1332
1333
1375
1377
1407
1414
1417
1419
1766
1801
1802
1803
1805
1808
1812
1813
1820
1833
1852
1860
1861
1878
187A
1882
1884
1890
1893
1898
1925
1928
1930
1934
1944
1945
1951
1959
1963
1969
1972
1973
2121
2127
2138
2146
2154
2157
2163
2168
2175
2181
2201
2206
2212
2217
2222
2229
2264
2267
2269
2281
2282
2296
2371
2384
2395
2432
2433
2484
2497
2502
2503
2531
2590
2593
2602
2607
2670
2678
2681
2685
2695
2726
2730
2760
3046
3048
3050
3064
3073
3086
3087
3088
3091
3092
3093
3097
3101
3132
2931
2980
3002
3003
3167
3231
3288
3289
3291
3349
3360
3401
3402
3405
3407
3539
3543
3549
3561
3563
3591
3593
3608
3626
3636
3660
3661
3662
3663
3665
3666
3676
3678
3679
3681
3688
3697
3774
3778
3817
3834
3861
3863
3914
3941
3962
3993
3994
4182
4183
4186
4188
4324
4368
4369
4502
4503
4507
4516
4519
4521
4523
4526
4527
4528
4530
4536
4540
4543
4544
4552
4568
4578
4587
4599
4612
4613
4631
4661
4665
4666
4676
4680
4681
4684
4686
4694
4704
4716
4732
4745
4751
4767
4812
4816
4825
4848
4887
4901
4902
4911
4912
4917
4919
4922
4927
4933
4967
4970
4980
4985
5011
5019
5020
5021
5032
5076
5101
5105
5108
5110
5214
5726
5727
5801
5802
5803
5830
5831
5832
5844
5851
5857
5901
5929
5938
5991
6005
6027
6028
6036
6070
6080
6103
6104
6113
6134
6136
6141
6145
6146
6178
6183
6191
6197
6201
6254
6258
6268
6283
6301
6302
6305
6315
6323
6326
6361
6363
6367
6368
6370
6406
6412
6417
6425
6436
6444
6457
6459
6501
6503
6504
6506
6508
6523
6526
6532
6723
6724
6728
6752
6753
6754
6755
6758
6762
6769
6770
6779
6810
6817
6841
6845
6849
6855
6856
6701
6702
6707
6861
6866
6869
6875
6902
6904
6905
6914
6920
6923
6925
6927
6951
6952
6954
6956
6960
6961
6963
6965
6966
6971
6976
6981
6986
6988
7011
7012
7013
7033
7038
7044
7048
7059
7068
7092
7095
7096
7180
7181
7182
7186
7198
7201
7202
7203
7205
7211
7212
7222
7224
7239
7240
7242
7259
7261
7267
7269
7272
7276
7278
7282
7309
7313
7327
7337
7380
7383
7384
7408
7412
7421
7427
7433
7458
7476
7512
7513
7516
7522
7532
7552
7564
7581
7593
7638
7649
7701
7715
7921
7936
7944
7947
7951
7955
7966
7974
7979
7981
7984
7995
8001
8002
8005
8008
8012
8014
8015
8020
8031
8035
8051
8053
8056
8057
8058
8060
8061
8088
8252
8253
8267
8273
8279
8281
8282
8285
8291
8304
8306
8308
8309
8316
8129
8130
8136
8194
8227
8233
8237
8242
8410
8411
8418
8424
8439
8473
8570
8572
8584
8591
8593
8595
8630
8697
8698
9020
9021
9022
9024
9031
9037
9041
9042
9044
9045
8804
8830
8892
8905
8923
9039
9048
9064
9065
9433
9434
9435
9076
9101
9104
9107
9110
9119
9142
9143
9147
9364
9401
9404
9413
9416
9418
9424
9432
9436
9438
9449
9467
9468
9513
9517
9519
9522
9531
9532
9533
9697
9974
9983
9984
9987
9990
9735
9740
9744
9755
9757
9759
9766
9769
9787
9831
9832
9843
9882
9887
9936
9946
9948
9960
9962
