```
# コード一覧
6523
6525
6526
6532
6533
6535
6538
6539
6544
6547
6560
6564
6571
6572
6584
6586
6588
6590
6592
6594
6597
6615
6616
6617
6619
6622
6625
6627
6629
6630
6632
6638
6640
6644
6645
6651
6652
6653
6670
6674
6675
6676
6677
6699
6701
6702
6703
6706
6707
6718

# リアルタイム取引コード一覧
6523
6526
6532
6723
6724
6728
6752
6753
6754
6755
6758
6762
6769
6770
6779
6810
6817
6841
6845
6849
6855
6856
6701
6702
6707
6861
6866
6869
```