```
# コード一覧
2737
2742
2749
2752
2753
2760
2764
2767
2768
2782
2784
2790
2791
2792
2801
2802
2804
2809
2810
2811
2815
2820
2871
2874
2875
2882
2897
2908
2910
2914
2915
2918
2929
2930
2931
2933
2935
2975
2980
2982
3001
3002
3003
3023
3028
3030
3031
3034
3036
3038
3040
3046
3048
3050
3053
3064
3073
3076
3086
3087
3088
3091
3092
3093
3097
3101
3103
3104
3105
3106
3107
3110
3116
3132
3134
3139
3141
3148
3150
3151
3153
3156
3159
3167
3175
3179
3180
3182
3186
3191
3193
3196
3197
3198
3201
3221
3222
3231
3232

# リアルタイム取引コード一覧
2760
3046
3048
3050
3064
3073
3086
3087
3088
3091
3092
3093
3097
3101
3132
2931
2980
3002
3003
3167
3231
```