```
# コード一覧
5715
5726
5727
5759
5801
5802
5803
5805
5830
5831
5832
5844
5851
5852
5857
5901
5911
5929
5930
5932
5933
5938
5943
5946
5947
5949
5957
5958
5959
5970
5975
5976
5981
5986
5988
5989
5991
5992
6005
6013
6023
6027
6028
6035
6036
6049
6050
6055
6058
6062
6070
6071
6078
6080
6082
6088
6089
6094
6095
6096
6098
6099
6101
6103
6104
6113
6118
6125
6134
6135
6136
6140
6141
6143
6145
6146
6151
6167
6176
6178
6182
6183
6184
6191
6194
6196
6197
6199
6200
6201
6209
6222
6226
6232
6235
6237
6240
6245
6250

# リアルタイム取引コード一覧
5726
5727
5801
5802
5803
5830
5831
5832
5844
5851
5857
5901
5929
5938
5991
6005
6027
6028
6036
6070
6080
6103
6104
6113
6134
6136
6141
6145
6146
6178
6183
6191
6197
6201
```