```
# コード一覧
6871
6875
6877
6879
6882
6890
6902
6904
6905
6908
6914
6920
6923
6925
6927
6929
6932
6937
6941
6947
6951
6952
6954
6955
6957
6958
6960
6961
6962
6963
6965
6966
6971
6973
6976
6981
6986
6988
6995
6997
6999
7003
7004
7011
7012
7013
7014
7033
7034
7038
7044
7048
7059
7061
7065
7068
7071
7085
7088
7092
7094
7095
7096
7105
7122
7128
7130
7133
7148
7157
7161
7163
7164
7167
7173
7177
7180
7181
7182
7184
7186
7187
7192
7198
7199
7201
7202
7203
7205
7211
7212
7220
7222
7224
7226
7231
7236
7239
7240

# リアルタイム取引コード一覧
6875
6902
6904
6905
6914
6920
6923
6925
6927
6951
6952
6954
6956
6960
6961
6963
6965
6966
6971
6976
6981
6986
6988
7011
7012
7013
7033
7038
7044
7048
7059
7068
7092
7095
7096
7180
7181
7182
7186
7198
7201
7202
7203
7205
7211
7212
7222
7224
7239
7240
```