```
# コード一覧
7716
7717
7718
7721
7723
7725
7727
7729
7730
7731
7732
7733
7734
7735
7739
7740
7741
7744
7745
7747
7751
7752
7762
7774
7779
7780
7795
7803
7806
7817
7818
7820
7821
7822
7826
7832
7839
7840
7844
7846
7856
7860
7864
7867
7868
7874
7888
7906
7911
7912
7915
7917
7921
7931
7936
7942
7943
7944
7947
7951
7955
7956
7965
7966
7970
7971
7972
7974
7976
7979
7981
7984
7988
7990
7994
7995
8001
8002
8005
8007
8008
8011
8012
8014
8015
8016
8020
8022
8031
8032
8035
8037
8050
8051
8053
8056
8057
8058
8059

# リアルタイム取引コード一覧
7921
7936
7944
7947
7951
7955
7966
7974
7979
7981
7984
7995
8001
8002
8005
8008
8012
8014
8015
8020
8031
8035
8051
8053
8056
8057
8058
```