```
# コード一覧
3245
3252
3254
3284
3288
3289
3291
3299
3302
3315
3319
3328
3333
3341
3349
3355
3360
3371
3374
3382
3387
3391
3393
3395
3397
3401
3402
3405
3407
3415
3416
3431
3433
3436
3443
3445
3452
3465
3475
3479
3480
3482
3486
3489
3491
3526
3539
3543
3546
3547
3548
3549
3553
3558
3561
3563
3565
3569
3591
3593
3608
3611
3612
3626
3632
3633
3636
3649
3655
3656
3657
3659
3660
3661
3662
3663
3665
3666
3668
3672
3673
3676
3678
3679
3681
3687
3688
3692
3694
3696
3697
3708
3723
3738
3741
3762
3765
3769
3771

# リアルタイム取引コード一覧
3288
3289
3291
3349
3360
3401
3402
3405
3407
3539
3543
3549
3561
3563
3591
3593
3608
3626
3636
3660
3661
3662
3663
3665
3666
3676
3678
3679
3681
3688
3697
```