```
# コード一覧
6254
6257
6258
6262
6264
6266
6268
6269
6272
6273
6277
6278
6282
6284
6287
6289
6291
6293
6294
6298
6301
6302
6305
6306
6310
6315
6323
6324
6326
6328
6330
6331
6332
6333
6339
6340
6345
6349
6351
6356
6358
6361
6363
6364
6366
6367
6368
6369
6370
6371
6376
6379
6381
6383
6387
6390
6395
6406
6407
6412
6413
6417
6418
6419
6420
6425
6430
6432
6436
6440
6444
6448
6454
6455
6457
6458
6459
6460
6463
6464
6465
6470
6471
6473
6474
6479
6480
6481
6486
6490
6498
6501
6503
6504
6506
6507
6508
6516
6521
6522

# リアルタイム取引コード一覧
6254
6258
6268
6283
6301
6302
6305
6315
6323
6326
6361
6363
6367
6368
6370
6406
6412
6417
6425
6436
6444
6457
6459
6501
6503
6504
6506
6508
```