```
# コード一覧
1301
1332
1333
1375
1377
1379
1407
1414
1417
1419
1429
1435
1515
1518
1605
1662
1663
167A
1712
1719
1720
1721
1726
1762
1766
1780
1786
1801
1802
1803
1805
1808
1812
1813
1814
1815
1820
1821
1822
1827
1833
1835
1852
1860
1861
1870
1871
1878
1879
187A
1882
1884
1885
1887
1890
1893
1898
1909
1911
1925
1926
1928
1930
1934
1939
1941
1942
1944
1945
1946
1949
1950
1951
1952
1959
1961
1963
1964
1967
1968
1969
1972
1973
1975
1976
1979
1980
1982
2001
2002
2004
2053
2060
2107
2109
2112
2117
2121
2124

# リアルタイム取引コード一覧
1332
1333
1375
1377
1407
1414
1417
1419
1766
1801
1802
1803
1805
1808
1812
1813
1820
1833
1852
1860
1861
1878
187A
1882
1884
1890
1893
1898
1925
1928
1930
1934
1944
1945
1951
1959
1963
1969
1972
1973
2121
```