```
# コード一覧
7241
7242
7244
7245
7246
7247
7250
7259
7261
7267
7269
7270
7271
7272
7276
7278
7279
7280
7282
7283
7287
7291
7292
7294
7296
7305
7309
7313
7322
7327
7337
7342
7347
7350
7354
7358
7366
7370
7373
7379
7380
7381
7383
7384
7389
7408
7412
7414
7419
7420
7421
7427
7433
7447
7451
7453
7456
7458
7459
7463
7467
7476
7480
7483
7494
7508
7512
7513
7516
7518
7520
7522
7532
7537
7545
7550
7552
7554
7564
7575
7581
7593
7595
7599
7600
7601
7605
7606
7607
7609
7611
7613
7616
7630
7638
7649
7679
7701
7702
7715

# リアルタイム取引コード一覧
7242
7259
7261
7267
7269
7272
7276
7278
7282
7309
7313
7327
7337
7380
7383
7384
7408
7412
7421
7427
7433
7458
7476
7512
7513
7516
7522
7532
7552
7564
7581
7593
7638
7649
7701
7715
```