```
# コード一覧
8418
8424
8439
8473
8508
8511
8515
8522
8524
8541
8544
8550
8558
8566
8570
8572
8584
8585
8591
8593
8595
8596
8600
8601
8609
8613
8616
8622
8624
8628
8630
8697
8698
8699
8706
8707
8713
8714
8715
8725
8739
8750
8766
8771
8793
8795
8798
8801
8802
8803
8804
8818
8820
8830
8841
8848
8850
8860
8864
8871
8876
8877
8881
8892
8897
8905
8914
8919
8920
8923
8929
8934
8935
9041
9042
9044
9045
9046
9048
9055
9058
9064
9065
9066
9068

# リアルタイム取引コード一覧
8418
8424
8439
8473
8570
8572
8584
8591
8593
8595
8630
8697
8698
9020
9021
9022
9024
9031
9037
9041
9042
9044
9045
8804
8830
8892
8905
8923
9039
9048
9064
9065
```