```
# コード一覧
2127
2130
2138
2146
2148
2150
2153
2154
2157
2158
2160
2163
2168
2170
2175
2181
2183
2193
2198
2201
2206
2211
2212
2215
2217
2220
2222
2229
2264
2267
2269
2270
2281
2282
2292
2294
2296
2301
2305
2317
2326
2327
2331
2337
2353
2354
2371
2374
2375
2378
2384
2395
2432
2433
2484
2497
2501
2502
2503
2531
2533
2579
2585
2587
2590
2593
2602
2607
2613
2670
2674
2678
2681
2685
2692
2695
2702
2726
2730
2733
2734

# リアルタイム取引コード一覧
2127
2138
2146
2154
2157
2163
2168
2175
2181
2201
2206
2212
2217
2222
2229
2264
2267
2269
2281
2282
2296
2371
2384
2395
2432
2433
2484
2497
2502
2503
2531
2590
2593
2602
2607
2670
2678
2681
2685
2695
2726
2730
```
