```
# コード一覧
9072
9075
9076
9081
9101
9104
9107
9110
9119
9142
9143
9147
9161
9201
9202
9204
9216
9229
9232
9246
9247
9260
9262
9267
9270
9273
9274
9279
9301
9302
9303
9305
9308
9310
9332
9336
9347
9364
9380
9381
9401
9404
9409
9412
9413
9416
9418
9419
9424
9432
9433
9434
9435
9436
9438
9449
9450
9467
9468
9470
9474
9501
9502
9503
9504
9505
9506
9507
9508
9509
9511
9513
9514
9517
9519
9522
9531
9532
9533
9536
9543
9551
9552
9600
9601
9602
9603
9605
9612
9613
9621
9627
9629
9632
9663
9672
9678
9682
9684
9692

# リアルタイム取引コード一覧
9433
9434
9435
9076
9101
9104
9107
9110
9119
9142
9143
9147
9364
9401
9404
9413
9416
9418
9424
9432
9436
9438
9449
9467
9468
9513
9517
9519
9522
9531
9532
9533
```
