```
# コード一覧
8060
8061
8070
8074
8075
8078
8079
8084
8088
8091
8093
8095
8097
8098
8101
8103
8111
8113
8114
8117
8125
8129
8130
8133
8136
8141
8150
8151
8153
8154
8157
8159
8160
8163
8167
8173
8174
8179
8182
8185
8194
8198
8200
8203
8214
8217
8218
8219
8227
8233
8237
8242
8244
8252
8253
8255
8267
8273
8276
8278
8279
8281
8282
8283
8285
8291
8304
8306
8308
8309
8316
8331
8334
8336
8337
8338
8341
8343
8344
8345
8346
8354
8358
8359
8360
8361
8366
8367
8368
8370
8377
8381
8386
8387
8388
8392
8393
8399
```

```
# リアルタイム取引コード一覧
8060
8061
8088
8252
8253
8267
8273
8279
8281
8282
8285
8291
8304
8306
8308
8309
8316
8129
8130
8136
8194
8227
8233
8237
8242
8410
8411
```