```
# コード一覧
4507
4516
4519
4521
4523
4526
4527
4528
4530
4534
4536
4540
4543
4544
4547
4548
4549
4551
4552
4553
4554
4559
4568
4569
4572
4574
4577
4578
4579
4587
4588
4592
4593
4595
4599
4611
4612
4613
4617
4619
4620
4626
4631
4633
4634
4641
4651
4661
4665
4666
4668
4671
4674
4676
4680
4681
4684
4686
4687
4689
4694
4704
4714
4716
4722
4732
4733
4743
4745
4751
4763
4765
4767
4768
4776
4792
4812
4813
4816
4819
4820
4825
4826
4847
4848
4849
4880
4883
4886
4887
4901
4902
4911
4912
4914
4917
4919
4922
4927
4928

# リアルタイム取引コード一覧
4507
4516
4519
4521
4523
4526
4527
4528
4530
4536
4540
4543
4544
4552
4568
4578
4587
4599
4612
4613
4631
4661
4665
4666
4676
4680
4681
4684
4686
4694
4704
4716
4732
4745
4751
4767
4812
4816
4825
4848
4887
4901
4902
4911
4912
4917
4919
4922
4927
```